180
-1.93695068359375
-1.38427734375
-0.802001953125
-0.24169921875
0.33447265625
0.88287353515625
1.49078369140625
2.07855224609375
2.64068603515625
3.1646728515625
3.66668701171875
4.11346435546875
4.36187744140625
4.73724365234375
5.1544189453125
5.3277587890625
5.426025390625
5.50445556640625
5.576171875
5.60272216796875
5.635986328125
5.63812255859375
5.48919677734375
5.2130126953125
4.8834228515625
4.52484130859375
4.1021728515625
3.63067626953125
3.04595947265625
2.4676513671875
1.910400390625
1.36627197265625
0.7781982421875
0.220947265625
-0.3485107421875
-0.8953857421875
-1.5130615234375
-2.09442138671875
-2.63397216796875
-3.170166015625
-3.668212890625
-4.100341796875
-4.36187744140625
-4.744873046875
-5.16510009765625
-5.34271240234375
-5.42022705078125
-5.51177978515625
-5.57861328125
-5.60882568359375
-5.645751953125
-5.6396484375
-5.50567626953125
-5.19683837890625
-4.89349365234375
-4.53125
-4.10675048828125
-3.62823486328125
-3.05084228515625
-2.45697021484375
-1.904296875
-1.35833740234375
-0.76904296875
-0.2093505859375
0.3704833984375
0.9161376953125
1.5277099609375
2.12677001953125
2.66082763671875
3.2080078125
3.69873046875
4.12750244140625
4.39056396484375
4.7601318359375
5.17730712890625
5.34271240234375
5.42755126953125
5.5230712890625
5.576171875
5.61004638671875
5.6396484375
5.63720703125
5.4840087890625
5.191650390625
4.86907958984375
4.49554443359375
4.07501220703125
3.58856201171875
3.00201416015625
2.4237060546875
1.871337890625
1.3323974609375
0.7379150390625
0.17913818359375
-0.386962890625
-0.93780517578125
-1.55670166015625
-2.1368408203125
-2.67791748046875
-3.21014404296875
-3.70025634765625
-4.12353515625
-4.384765625
-4.766845703125
-5.1861572265625
-5.34271240234375
-5.4254150390625
-5.52642822265625
-5.574951171875
-5.61248779296875
-5.645751953125
-5.6304931640625
-5.50384521484375
-5.177001953125
-4.871826171875
-4.50042724609375
-4.07745361328125
-3.5894775390625
-3.01239013671875
-2.42034912109375
-1.865234375
-1.328125
-0.73486328125
-0.181884765625
0.40313720703125
0.95550537109375
1.56982421875
2.15423583984375
2.70751953125
3.2464599609375
3.72772216796875
4.1619873046875
4.403076171875
4.79522705078125
5.20172119140625
5.34912109375
5.43487548828125
5.53009033203125
5.5780029296875
5.61492919921875
5.6439208984375
5.62591552734375
5.47271728515625
5.17608642578125
4.83978271484375
4.4696044921875
4.04083251953125
3.56414794921875
2.9620361328125
2.38189697265625
1.829833984375
1.29180908203125
0.6951904296875
0.14068603515625
-0.42449951171875
-0.97198486328125
-1.58905029296875
-2.1759033203125
-2.70172119140625
-3.24981689453125
-3.72589111328125
-4.1510009765625
-4.4012451171875
-4.7918701171875
-5.2105712890625
-5.34454345703125
-5.43609619140625
-5.53314208984375
-5.57281494140625
-5.61767578125
-5.6414794921875
-5.62744140625
-5.48614501953125
-5.16082763671875
-4.84954833984375
-4.468078